-129521
-910063
747951
-812250
-212082
-668216
119279
-293259
830090
329730
-308119
-92287
227184
86851
973787
-810232
615039
-750368
61021
-697404
-670544
-777659
-821415
-879413
551641
-555579
-562249
795623
836932
730673
-995635
-32170
-300242
670114
837652
221128
-858992
967774
182315
859870
927270
-481560
-906834
-33183
-602786
21576
-350219
-966333
254397
520252
175135
-16964
-145824
-134940
631788
-466721
180561
-499906
484840
33883
-382781
-205270
-908365
-550608
794602
244681
92002
-562974
-644869
66086
-361680
-209822
-195805
-956190
-218361
798369
256339
413686
79758
437618
266815
-750642
-271206
-998026
-79937
-977470
66409
-436261
758089
870914
795114
-695124
-549011
-563458
76512
417921
237810
652406
-336987
442361
-312179
-273718
339091
715833
135528
169429
364058
921463
-225192
-957787
910333
-731187
-5652
697408
-230351
-777982
274613
303220
-24658
480856
-832804
-953279
-135640
-826014
357622
-844427
886261
498964
294842
859350
-913645
-256902
-918926
418849
-169525
-20466
-702657
600861
735907
569781
724260
-375176
652924
534366
836770
414188
-199680
465307
-201956
379645
532555
974210
-136841
-613121
-962696
-513752
-474477
117697
-413219
681815
-283152
-654656
546629
-903965
84507
-859893
-69413
117590
269328
29176
851054
157384
674853
-144103
143053
-752050
917318
-722806
187657
733191
747642
-58139
-420153
234559
273931
-656979
904907
-746549
936978
319985
755870
562766
741936
563548
470356
1833
466158
-828289
-773559
-132460
-721684
-213530
-819342
27367
241908
298684
-666711
-118844
782773
745201
-680720
794661
986564
842703
-443556
-658261
859945
-31890
822161
-479859
464606
-586447
-452344
706683
149118
160667
884038
234263
661666
-344123
604972
-260184
113335
254398
6584
8953
277583
-307208
-415240
-693876
-150317
-771075
459235
-260470
602999
302623
-82469
-941047
430066
-308394
-947805
-967451
-538306
-619046
-855952
765537
1397
-749669
-109586
583263
357219
896414
582380
-401198
389498
-399856
-810758
-900396
918777
-633617
6524
-367132
-859590
-328517
-694804
223100
619981
-271313
-517166
766759
-423655
959957
447382
900309
-912691
575879
-189049
130893
-93030
351393
-431276
-164851
-893417
433630
569931
-78441
523142
-783144
402015
-970761
-219089
367447
748894
-607546
-889128
250515
333319
-455623
506284
-284199
564654
817587
-398548
516967
-741579
-577321
-904192
262907
866178
677571
-548073
-825557
-529488
263591
-349493
-267531
-32783
876475
-911321
278437
234329
-116969
-843937
398384
-366459
71456
-426782
-361191
-945731
-654966
913630
-481166
772054
-108290
726984
-561665
-954624
-761826
-320788
-237303
193177
-266544
824513
-641749
872800
650923
376822
-171117
-806264
-594707
406051
926757
-309820
-325677
-97683
958161
-545378
548766
566800
-315772
-569060
591052
-380717
789551
-959680
879318
-678557
243587
308138
-89088
-645344
-480
-810431
64410
-642941
-359638
562085
601709
-26102
-10306
614458
140348
-13791
-409173
969002
-564170
-601370
-35675
-957228
458306
428597
966419
-593733
-575840
-677128
674586
486738
537604
635921
-561663
446265
993906
339761
509180
-220008
319576
-912426
596340
635344
215376
-482328
153597
-698280
-713650
872265
-693186
770910
-511943
224569
-32525
564675
201713
-767635
983210
-664733
-726944
412646
-988472
268645
-5901
-457112
-458107
-518406
896367
-104895
-853456
123368
-632796
-426397
-413527
-102036
-502278
-820597
631067
438615
-811346
763514
803039
-67913
498873
653803
-677341
669694
432407
-64526
93014
-123984
-592158
11510
-860613
-478925
-809796
901395
-951113
-321881
-408741
-975235
-640513
-328256
467998
-387756
-733621
-971337
736466
245704
248024
437084
-288211
340363
349695
73759
527452
-921124
277500
100513
435793
263741
617938
-444927
951368
-52122
-786797
592513
-381258
-461124
624233
-20626
-868634
-868622
443465
-98755
-64076
830880
-519647
140711
-694339
-796703
-959189
309499
-605292
436149
-813773
249161
13165
-535025
379777
-76780
289779
-633053
-362170
-875088
-424766
-175101
-549213
529392
-944774
-781110
-976313
688623
738462
116478
-964566
336984
-419836
-962543
496418
288815
-142814
-855156
-63092
-399587
262591
765831
-580847
758358
-743666
-806135
-445476
781360
-302697
909352
-5024
448495
-498912
-477343
-920203
-376089
-674962
499457
912380
-238720
218467
-504327
954990
-214429
-181174
-677278
902661
-569682
-991414
-257420
-532533
959202
-929762
-382174
-134169
317773
-37782
931640
-75216
14268
-860803
-833096
-628582
142299
-89242
-37773
-539614
460701
431718
708154
-749579
52910
-467629
496264
572173
803210
722833
-416208
40454
-680495
341572
-355480
380449
507156
-723596
916471
997032
-277649
-446614
-989924
7250
-498382
243825
-609492
-172628
-987856
-695404
44859
-262989
-439114
584673
419685
-880919
-346249
292708
-59433
256496
-240281
790533
25859
508695
-797984
-616756
464441
160078
828788
81866
-83288
855762
371882
4301
915402
485969
893413
-686042
-655745
227391
230627
-35437
-956873
535279
162364
452260
484518
695710
145450
-621767
-426157
942434
-338666
395500
379614
713192
436543
440847
-927331
-721442
418925
982819
-558505
909040
-730688
-854099
-586407
-196738
530197
830749
-735410
167034
740651
-349835
928846
277085
764362
101369
271587
-568125
-577346
-456324
565427
777198
-357608
-954477
-287048
389256
-664057
666531
-660981
-13408
295478
-202495
-2504
-488129
980208
630433
539718
448326
975798
-566943
365041
-940036
-712375
-647824
-202718
807489
-995570
100976
269021
261956
87198
-596453
883103
349174
29072
-880541
240860
-387508
-387819
-540379
-163934
-973565
353027
158233
-567401
249601
580924
85821
-989646
973811
887923
-935889
-75983
583438
684598
592779
-41694
404880
-670560
484448
-459801
761392
-782496
869725
854006
-189713
629152
-891598
-152986
681445
-433416
875763
-657033
464701
-930799
-204416
393442
-200775
410875
264700
581940
404772
399180
-34443
20113
533300
34526
145760
-213796
-776182
399379
756446
-857158
-110912
332654
-396304
743705
-994604
-479389
-645186
-634660
471828
-591543
613312
-505645
-443378
-12130
-660742
618037
-449700
-403839
917878
914773
8892
-963158
855692
-827265
-573936
585594
-150287
-526079
531890
274446
-468722
673199
237617
462258
809261
5931
781441
-107489
107837
899445
-788051
284522
-230045
654746
914833
207891
376499
-903823
870350
365376
37545
663413
-79509
-660598
19595
805812
-693788
999181
719586
551879
655613
829778
870981
-9352
-510096
-260580
228118
-543247
-592315
-116890
196013
907717
756148
550825
119433
-271909
1779
-521347
120223
-85805
-289436
848252
897131
-191030
985942
-677406
532893
585747
618945
-689159
965655
-8232
-134473
392550
551676
444846
-819353
-989496
25557
788863
-489425
-941835
343581
215342
14353
609071
-369957
-259010
317536
814293
-517043
941109
783807
-388686
-31226
-309434
-885722
172981
-541952
-116157
-123541
309336
652037
530064
-717320
-269702
428656
100725
636711
963398
225411
-714151
659738
-334792
-418035
864064
143439
-1057
775574
-418557
654250
-863616
463889
-291905
572392
-883995
852565
-373342
-927316
-174459
881025
-334697
43809
160279
29368
-987170
519317
832129
965845
538079
-703375
596341
409319
254110
505282
808145
389767
329371
-858362
-443922
-634598
-573810
764766
-965609
-304421
79389
-811739
-167212
254106
563481
841300
-20524
249888
-28380
792343
-314220
339058
-651639
283592
-999969
-424194
-53098
263637
694537
-992727
357992
-585287
-691746
419515
177000
636214
-606324
87910
228586
-305628
847432
-336493
