611132
-424396
598405
70089
309823
922567
7099
718713
-734642
249317
888382
487491
656862
-225341
-988217
733182
-612687
-15325
-47398
-356090
531946
715070
-40963
-575428
14934
246101
564561
726820
-511393
-304466
-888161
-167084
800544
-669263
717219
882805
-431569
-337026
-720351
-129994
879676
-262177
-36470
44224
-694726
67460
703772
-737283
-303837
294098
-578949
-339555
510154
830540
873861
-92389
674280
624927
-152779
-491008
587182
-262291
416737
902936
-716518
-682349
256094
-463283
-586224
432544
350565
419848
762899
72860
-627944
-526312
-926532
-17103
-988043
299101
251940
-855959
-661719
251185
370979
-916608
-538703
832768
462594
153762
-209989
-246063
-331754
-443417
-367859
406847
168225
-611346
-337276
315069
