-18773
446204
-23127
694600
-587795
369033
641008
644412
799098
979577
853041
102898
812386
122711
571650
-830665
-516693
-109387
119614
672110
598987
-216595
62823
363321
-717683
-423770
437730
702012
-887212
-88819
223167
158205
-850978
26592
-144365
901220
-676875
243916
685772
49429
848255
721568
-744924
890615
325592
144751
-735206
656664
-335476
227222
-207914
-280467
675540
-981568
-486221
383642
-145254
-825970
-25173
676988
980573
932128
311529
-285273
645478
-538691
150206
291645
-187370
-276017
584752
885464
998463
407932
107402
-889166
-892588
917810
534669
419003
-264673
328080
489515
-827131
354235
480047
480870
-206131
783260
-167430
903533
140952
985408
29499
-206843
143401
156328
-606138
-582663
828448
-493412
-170597
-762791
-800535
90488
673775
-912902
541426
-50737
-992
-206721
800652
-709619
482544
-524145
8054
247532
-743563
113846
-598111
-400075
939414
-941920
-942654
642910
276109
439311
615402
-124207
927341
-887052
-713142
435486
-967029
277886
-522542
-677356
373607
-292832
399090
259919
760278
654173
67880
-582755
-696906
183940
-58932
364369
775924
-224125
-222132
-236763
552176
889185
226618
-676576
649676
-622497
-868872
335933
421021
-80541
-792370
-725318
553630
-892909
969987
-801812
559674
-518892
67717
410061
525759
-277409
-734973
578208
902146
-59935
411728
713346
-700843
95895
786359
668178
762972
-454599
482172
443068
-667227
-903664
-833400
-288729
425150
318389
423305
436583
-702272
-801925
-538198
-456706
539155
806145
-58492
-723173
-853211
669852
15968
-893236
-270151
118322
404690
-536275
-125329
518179
135852
-760834
-401496
853774
291961
-669986
-203625
650484
425309
-721816
-29197
500399
-438596
155607
413650
193367
-576714
-281795
208393
9135
-623478
970253
276416
-58858
-897916
815889
639214
-162348
813339
-596896
-168511
7752
366454
848303
377576
898217
-693794
468032
765811
-438596
195511
286201
-5944
-522856
-235478
450059
567252
-55298
-468516
219231
-93566
-468167
-473493
-729598
70692
-172127
856387
207198
-121818
-919219
748097
-641325
-47027
-225606
52958
-215743
964360
-203722
-786252
-838446
48961
547880
901264
284879
784653
-152486
-323089
744455
653164
-261063
-128051
941756
185206
-130289
-507262
-117603
236295
-44716
215400
627768
858056
-935444
-35753
441346
-119567
-707580
-844628
-299131
-515306
-195579
-907742
954191
-820890
-519924
-283059
218017
-228717
330239
-739309
-78687
968210
-92027
928290
317160
51204
-321708
346955
208165
238551
-19790
-799165
-233386
167433
-906576
-949084
-186304
-522407
-491678
739709
394220
-862783
-4993
198789
-85020
-652112
-335914
918523
-984767
-477440
-941119
-313357
-997025
679499
-915773
-401956
695985
860518
579200
835895
602957
604940
568033
-442520
-791788
748056
-920949
497197
-250309
908081
-36193
-420384
625228
387189
923201
-95830
-881870
950902
835004
-430769
450373
-580782
790526
268114
-195024
-524622
-289363
-356984
159108
615568
108270
307074
-538956
-506681
-382963
178612
-123891
-265484
-448347
-348025
-958820
431896
-943596
301538
797112
-49416
-165961
356709
502699
-996813
848948
-315090
-693058
-971028
553330
-441352
52770
-622675
-337773
-89627
-56910
919152
-105620
-948544
-79031
-386101
-5452
940346
866167
-497499
-125125
777940
72774
854687
-550496
-95815
64368
758972
-66956
-663223
885243
988155
652778
250296
-976400
452757
-933182
951281
-300355
247931
127933
-811232
-90140
-284559
-309443
-896485
457685
-237433
-681745
9396
692592
-450552
-45080
-957416
595045
-835042
-462486
-941510
-694847
-643546
583318
110334
-169918
-109758
681961
949663
860292
527047
172441
884867
-904457
-616983
-47817
894626
714399
-326690
-274117
493657
653552
219321
175701
838911
753964
795236
872078
487487
-218121
-937982
136561
180855
749854
-155536
-362056
-65585
607630
-398642
243631
304035
-36626
-52090
442019
645756
-667174
608797
-206234
-506896
-177942
526674
10790
-665457
559850
545275
-91501
545878
-903384
-602000
822096
-819241
-660463
20747
385452
477889
-880386
-697320
666931
-26113
749235
553253
541087
-237028
960982
725633
242194
706016
-905961
-232676
-769036
-808283
677263
-398397
-27526
64904
964136
-480198
165488
331965
259078
-148051
718887
-510583
-227738
-311536
440580
-428112
241220
687744
-90522
-172526
-978220
495079
-35625
-472807
232647
26558
207694
-43860
585234
-869348
741577
-624447
820918
-816065
-453139
-386280
493113
-6117
-346625
-989466
-172933
797599
130537
-339717
-896619
-566692
144651
-770341
-224569
-173405
-967847
-726879
-912120
-957162
-648135
319474
358951
-198146
-839357
-112084
8429
348937
-661963
720889
-720757
-148588
946710
-310161
341303
541326
747853
-625787
455890
-785972
-798048
-629841
-722832
-305593
212891
-65344
-442294
-693187
329775
759301
210793
777471
879182
797922
-135315
393484
-632731
649196
-839268
666110
794403
-883450
352041
-854823
478192
-873374
-343003
-545871
921416
-434515
745133
848237
-1363
480764
884907
41642
-683103
754314
-46377
754221
-807297
920352
81994
-863941
-393067
517684
-892679
896511
885116
698747
-721713
829701
-702513
939060
884416
-7245
-511744
-312254
719540
-995569
-575041
299619
802471
-152258
-956254
759840
-63115
884151
718142
986120
-760785
381113
966465
888694
296288
30131
-152162
-24201
-399197
873605
504392
-577995
301943
726113
284384
596867
154612
205727
-715631
-146104
395165
-156473
-134320
524252
459275
156547
158097
-183169
-706810
-921353
986010
-414313
-501132
-80418
-762244
-750555
-125462
-221821
-190227
947006
300852
-814229
766361
813877
-188760
948862
-517812
-2856
-695773
861689
-248035
428816
-643749
-26351
116508
-45669
957802
-977443
26980
-446016
439057
-559976
-439027
-353402
415076
-373333
-316164
431617
-740978
101432
185459
-650144
882262
-315574
111251
-705473
-862785
842382
-711641
-458469
-787049
-173561
-670119
294062
391187
-117470
-685398
256180
281913
599258
457902
-90467
584960
748431
-12920
511635
976300
-752245
-334696
-327485
196105
-779359
-190842
-319547
382302
189851
342537
-273052
-858964
-169713
103605
-335832
-937456
-18004
553300
11286
-269900
-915037
-724164
-124728
275003
899577
-952289
183557
-195914
90792
689516
-207121
236801
837942
-256944
-272062
-921692
-53572
-188245
-304820
789651
-472676
852588
-458665
638031
-473024
-11764
692491
750695
-776073
256895
544145
541076
199754
-551336
-979399
237523
999193
-917631
-907141
-129560
-925651
-442241
212870
-72482
-902739
343098
-597455
680353
-715289
-616814
152052
-150570
-641911
-245061
-221555
-318828
-335796
652186
-216231
859424
-13704
608313
-361728
855556
784128
-143401
649585
302781
450685
-453853
-588492
913929
-152846
-720930
196921
767322
795329
-488986
870301
705265
632497
669142
557549
825855
13218
-851368
-503077
-58364
-314420
168220
-91534
754965
145895
-311351
680900
625030
19151
547996
847006
521711
761161
550259
-118915
-814214
-685361
562364
95173
892663
509576
130682
-285931
613277
569825
221076
-729051
-122955
818130
867534
-325555
254723
475826
-932365
-332217
-592482
-911084
857008
322570
550166
375056
366098
517547
-194463
-475700
248980
-163099
-551799
73844
955502
-882550
-897969
-853396
730639
764695
-960047
710207
-851291
549751
468832
52823
491582
553895
463523
158439
380118
-268955
132917
808323
274823
401739
129799
-687086
430874
-172485
481637
-624125
-85989
-910734
507457
974589
342201
-588615
629588
-662365
473002
-241781
-736303
-23585
-384961
-198758
-851664
622671
-6408
971162
-935234
-724987
809556
385335
41884
-178669
547865
-233283
501191
-91648
-380621
-58505
-536141
-192910
-489424
-92262
886842
-179639
129693
576468
-31511
-872890
13168
102146
30684
993234
-562295
-726681
-661090
453799
-724135
251119
323962
-177108
154102
65145
-265376
679235
-402796
-581611
966386
584731
267503
951410
353539
-519402
-269302
123530
-77777
795605
-968691
352945
-722628
-394643
241758
620039
923900
-880954
-782385
-557483
856092
-239430
523858
-711092
-424340
995253
288397
863170
890730
735240
737432
529432
-105891
-765295
370730
-686135
174860
688321
-413110
678072
786527
504683
-842977
858072
668417
985506
744862
216609
-751804
-417838
-688085
966615
402149
894847
-266931
87516
-206567
-533743
779801
-265850
-399297
-11119
613805
488164
114794
-185268
-250061
927183
-619463
812538
-397526
868451
644892
-780650
182001
-294794
-22042
-749571
635727
530854
-474379
-176473
917196
-596415
964083
766009
47992
703576
-243647
337970
110783
692266
-36504
-190913
431553
-205281
737422
839999
964689
670429
737385
501665
918736
-825152
-349536
529272
84233
-415807
-733799
-266428
-642678
-151594
-898098
752195
91147
734769
960068
403615
-190426
-48168
-443808
750313
375380
-850471
455062
121851
328082
-792143
358702
594932
-640459
-295368
-515594
723589
744115
386811
-541981
682623
25567
-29821
268522
-812261
39233
868776
-783711
920968
-158521
60012
74005
439558
-331540
306231
-880376
780721
846286
-894730
570838
-444100
-540610
312413
-451060
185801
-345109
416471
772715
393414
-493415
243222
-317118
-952522
-514428
831282
236370
866378
242485
-972794
556929
303459
261287
-415520
-567273
681853
112876
-249130
867390
347183
363667
-518840
609699
301843
659059
767483
733238
436730
-267416
831444
557588
-936207
75358
-581506
-36421
115257
375607
969366
-652220
-291949
636595
-659007
-657083
237251
343035
-641966
-59740
763489
-665644
879220
-826571
-819194
-77924
-443678
-63665
-923127
-828538
649608
-141186
-595690
-308385
-24009
-228241
-705228
-366636
-600412
-452846
89989
652665
782783
-326786
-160637
595310
-292470
274630
39339
-385465
882702
403472
-90214
-186536
-809205
-328437
268355
-890967
281557
-569643
-138062
135046
277093
520569
548432
-298817
212690
309932
376642
228005
2411
-371420
295517
-964527
-257905
-66150
663685
-737421
-765995
-682948
659679
89970
537541
684435
737128
-620728
884137
424332
774908
226599
744404
-956033
215670
481384
-185506
425898
-431314
-701131
346470
943695
434613
-733458
146392
894380
800207
-751150
703658
-1548
975464
-249145
604055
957969
-272804
-148
534789
-121124
-896045
833300
395769
21992
-12574
27612
747374
-926413
591611
-709748
-783778
-557529
-205506
873766
753137
5601
-468384
120927
-913978
-588280
22577
-252131
-290563
493010
-715500
309958
674420
-462258
262038
791582
-422873
-664724
-584487
-867641
987295
42491
-682364
-656863
-892595
-678847
-441697
-997479
-415844
-366113
-276557
-911631
902050
414803
115618
-559554
-664602
-316394
-740653
481889
-291289
641551
-933832
-906688
807694
-780199
165578
631739
241924
-989059
-540869
882943
410677
213116
-136191
-722993
-468722
-37922
191406
380951
10217
334767
-681338
176950
294420
-884414
993876
968512
-724228
-187653
-744257
-189145
-982967
-216151
41980
845954
-140381
-304940
225244
-789901
938662
-557041
-212377
-734512
-152296
591372
-554342
-428774
581317
158064
242675
95305
698352
-826107
11783
-565563
803933
294569
432548
235601
127226
-257821
185704
10122
549331
277509
-740779
756352
-992614
571766
344667
615459
8058
-62110
683164
815813
37513
-433228
-953205
423600
648196
-248817
-474679
368371
-756604
691048
157049
-360163
-250262
-175340
973828
496987
-502344
-300903
-959032
254523
-121953
-426410
910283
339426
-778789
-48988
-453692
-33155
-258742
935388
769284
-511055
887898
-59194
917422
744306
409191
-451943
936708
-448251
-668064
-76772
-171230
-911524
-277578
910748
876539
390571
757243
-573293
896693
-146495
17973
561437
748223
-829391
-898920
-913999
-857806
-659652
788129
-982678
-971664
-695797
-253857
-615131
-889287
-222231
-131146
467228
-164979
-206327
-618559
-7747
-248911
406330
386169
371838
475316
123225
212973
-690552
876486
673463
-704649
860576
597138
-174435
-845109
-70237
109210
13325
686325
-99294
-670753
823809
54515
240887
834056
-307075
767087
-725706
-35478
-697535
916657
505913
-960445
-817902
-333546
486644
-825425
277311
-441607
-713008
-536219
617152
-270597
-783251
583780
938451
-195028
607665
381632
512571
-822145
-242749
6854
242927
536008
-974547
-84275
742749
-676805
895685
-676354
-669040
-731605
131834
-911077
43663
654871
904183
-426746
106883
-154682
319489
-981054
-795886
-467293
517597
173215
-338974
366953
-863749
522043
344610
-363604
5427
-530898
-898873
-813325
753876
229399
445870
-761573
-44540
158461
350955
598460
-283727
-443135
97309
355555
303092
31193
94596
182825
921212
665141
77800
863790
-352491
474890
-397528
-748940
203415
969348
-642836
527151
108287
175188
93188
753980
-23628
987802
306660
-428300
601789
-342641
-668750
411643
-223555
463181
688856
-412611
-868488
-589220
38271
-686607
19657
-575912
814309
168350
649813
846642
292915
-207715
-959651
-411220
193481
-310060
-141947
652639
314364
-974203
868623
-235166
-694867
-943564
-539949
-359650
-349229
-795588
633555
678794
486327
858660
670930
-300579
-136010
-616963
148630
-587727
-48905
320190
69567
379898
912097
-100014
-661809
565388
254770
416781
-70061
65358
-18835
192578
-318668
614181
711213
660295
799354
212310
732866
-111870
-117044
320086
609377
637429
551274
421316
471645
-111815
-217313
-202310
624200
-812152
-843572
855587
-633139
-56096
-414732
424500
922655
553175
-368233
653222
-772664
-62689
561412
968905
-471415
675491
997815
-149022
-501462
377367
14285
638127
524995
-642911
-700729
-360732
-449639
-896955
830088
579906
78834
375959
770065
843998
773541
453109
357710
-892791
558890
-514306
-248768
335732
-898826
176840
657531
-97111
-463544
-779227
622943
810606
649167
692780
815720
20722
570802
247863
288033
-892259
183101
-103265
946198
-245039
566305
-529390
401443
-464329
-770220
627819
603230
-129134
-670040
66370
551467
268770
-294062
394112
186720
-720388
-191265
660418
351160
-358757
-193457
946818
-548081
856397
-646477
-684010
993041
-159279
384946
662047
386253
103148
-209926
619837
867926
-165820
-960804
-679092
-685388
-856995
673513
-667761
-467377
882959
-528675
-970794
211931
183024
-907672
889823
-888834
283072
-348242
421927
904361
-483529
688428
715413
724641
-619071
406299
-498840
-605413
-254945
49841
-258185
849868
178206
-70314
464762
148808
-912561
507218
275708
834042
383964
-980547
975991
-246020
675926
117068
-550227
211211
-171803
-474957
-673191
-546469
123771
-235139
-230613
-510158
-626174
753681
-477869
-720395
516421
864191
-390595
-628569
161360
286490
-634740
-602767
-941962
-623309
294904
-23042
788817
-792665
661649
-340448
183366
-934749
852642
73391
312522
-655028
-578640
-518504
965629
-572585
563494
239414
-116662
-351753
-318709
-730629
350685
-27277
-181642
432169
813533
88908
933682
906266
-510215
-592664
-829563
-463108
832863
-486215
-36886
907438
236741
859784
231549
-247165
-881108
928254
112819
158396
485759
-6574
-747721
-568421
-165828
377455
-131971
216782
638933
41020
-864489
709496
892849
159469
695187
-975873
-517606
-900141
-193045
-719989
429852
-862373
94956
-893059
-388295
800617
-739486
867202
-309104
301415
-449736
-976764
653920
199390
52782
-559299
923193
-158489
-547230
90865
848123
683557
390489
132533
-377287
774836
-25478
-879918
-700910
-147167
-912393
-552692
-657417
-894447
-810134
749400
-889048
-691201
-165759
754793
-538431
-917846
394527
282742
586976
-163802
-561797
583619
912740
-642506
-337688
-139888
5801
-702844
-701828
958617
-583535
401462
-807499
-7086
-168567
682452
748119
693988
-709085
-479381
-151400
-250685
-461106
896159
-975801
-283859
298389
-479254
725905
-815629
-292027
299827
498019
-287359
-481093
15870
766012
4396
460597
-378257
792208
129135
-356781
192439
-370139
-570410
-647356
-249309
489580
112723
-880208
528647
254930
529557
-814898
-687314
-55815
509340
880623
-933186
-444534
579383
906738
-105375
-4393
908954
101205
-15357
-93971
-35534
810273
832511
406102
700820
-71279
848182
782562
-765172
54103
-784934
692298
-68220
710287
-820022
259562
451107
-650281
759534
358909
289945
239125
-166227
-325840
-365423
-403173
37118
280894
-199358
270122
-271957
-829123
-29310
939597
-698127
-834815
-143776
-393558
744312
467456
-154282
166134
450451
-597224
328501
666760
117983
-103516
-28807
-528870
-103681
-732919
789978
-103985
-366948
742753
902004
332026
-512173
-341496
118369
16025
-700711
-211531
-603008
-258198
-338252
348349
-17623
535079
-965921
368421
931834
-504618
-725048
652425
843504
892194
59753
-76974
-486676
-503715
-399465
-368630
334501
-677249
189643
-547221
-788193
-599652
570241
-799719
247054
-429993
119668
-802273
-593133
-520676
-352287
-574737
283214
931177
-664115
-690763
560700
-728333
128964
580772
-353253
821884
-744681
779541
235184
161118
-173846
874853
-540639
-250707
-189978
418319
3009
-160688
393158
-805660
120033
553153
-566743
239738
157427
-715725
483240
776367
-516564
-894557
962707
-539295
641358
-401024
-763616
-182975
-259883
-555835
430864
-826989
682250
680993
-547498
-505766
-821037
-624292
-637866
-315964
-942999
436130
-966018
412332
291652
922739
311295
176770
-356698
106976
419487
-501534
699218
443713
-166229
-98753
-845499
855055
-274665
79324
806517
742999
55021
-346187
-707791
-63186
278722
64249
-345956
-850852
784749
595924
520194
-170267
-628083
701627
-985549
-352061
-306050
-731182
-938035
648594
-836288
296038
438136
737464
-681817
582061
-401882
-803704
-640709
-33252
919461
-637342
813676
-978875
866797
829042
851791
419373
-902021
758995
830515
-133621
-104134
451624
-389597
462685
-185259
119413
-950421
-415176
977838
-131863
854261
-921993
-841690
-840820
-723160
249150
951661
719441
-619640
190756
-114050
-332090
-409415
-943854
-386469
782810
-894879
693793
-88435
695287
284135
-515110
458240
-34805
895399
-710952
-903630
-6789
-271094
-996658
940216
-81449
832653
654670
-678786
690440
-801804
649187
-611298
718684
-206118
424840
-506352
-556498
-13187
859964
-681829
-7119
-513422
-566327
111056
788555
-272053
676687
647545
837332
-577235
-97994
-861602
-479841
262394
295819
-680906
594570
731084
250578
252749
719625
-341833
-487540
311274
73877
-409401
861268
377475
751871
-831372
616443
-26357
-749813
-654427
380297
953602
271828
337180
16515
394533
-400062
-399432
704176
-539198
306185
80851
495403
211444
411889
17768
-233500
-511281
-668131
549117
811227
-6353
183766
736135
-366797
933745
-583355
-34101
474654
255897
358127
-802753
780012
-675256
-208702
-909910
-529870
471661
-713454
741569
568591
-35348
-328840
-268782
-236524
433368
-900180
-666725
-594484
949583
-914279
2145
169193
825473
228052
-718911
50635
-673597
-713868
-131815
-817511
981758
694809
952688
801518
-513315
-719131
-151883
233585
593345
947619
167040
17637
551727
-294765
954138
-953656
-203904
-769477
-662284
826898
-43795
520507
-304268
385285
779084
-408196
-403416
-663976
-196894
497375
-357546
-356250
-568124
64223
-166057
667191
489743
-162892
-497204
-66872
299842
934828
-76616
830566
-58060
-250803
333272
628266
-135776
230064
-292597
439281
989706
-832199
306770
-238964
339497
319258
-253971
410880
-89904
621082
-436580
-634621
601602
-979112
499954
448503
492275
-978534
-888914
-754488
543593
978358
620749
-35168
522857
-263679
818059
-254624
-902850
692570
-38359
918101
-204899
995062
-783820
309197
369547
687711
213195
814485
-395020
-238942
651137
-822583
613849
-646100
-949659
270752
125445
-710060
83744
491596
68305
-467303
-242231
-25136
453815
-43796
-234551
490495
-132012
-294368
-757652
420897
-369875
555539
-180156
-888228
-261798
-511754
-196578
277389
848409
906027
88459
-15563
-663271
330833
621560
128988
-206710
311677
-53553
285782
458306
860675
-8014
718326
779151
644309
669986
-387396
-181692
-338933
-493348
-322515
-146826
552051
737309
568643
-56242
295830
823539
-516636
7069
840559
-765548
332260
732923
115701
145435
-586504
-589105
-847297
-197560
867973
-119636
-177832
702697
-825210
-244854
-572414
-828151
782885
-282660
535034
491298
970654
-647553
-666447
-168453
149571
-606914
-500650
222622
841034
-393698
-95839
-484033
630959
-495541
-806474
770567
-22732
-392505
846527
394903
840976
963425
400790
-797256
-381968
-222132
605923
910370
19972
-931685
-833783
-693600
728729
460259
-420737
-243166
-939746
160051
-957494
-10300
-873705
-844921
671046
-336972
927764
-360226
825
638273
123044
-749908
-845653
-525303
-134596
-285517
62906
-244510
-794444
-258245
-848220
878750
-110243
-76613
-910807
-723727
971147
689266
-146281
-969559
-979839
-949291
665102
199843
224835
482258
-547599
-849157
236087
641184
789682
622631
-772348
-625467
948741
-702545
-488290
94382
-201138
140050
-943985
949474
-629859
-978548
-195104
185271
-567692
-298565
263003
875261
670482
71232
-162161
194979
-217634
-29808
531475
-592014
445221
-581622
475267
-366009
412709
-599139
-808896
774256
986126
618453
190658
749829
387006
892410
660848
-883629
197897
688059
971388
-51615
69948
110495
35279
299586
971510
-264989
399021
374760
-371629
105624
-932443
-777939
-68091
-850870
-102553
-428831
-763434
-131869
227800
-479692
630637
939790
-8540
-46019
404516
167599
365841
-348539
446433
-189751
-282893
583440
474869
491568
-865425
987591
-991895
654406
850001
-216332
998189
-25322
-263906
555603
-413086
172044
-516124
-445378
95021
-999599
883367
258864
505989
577335
38058
518208
493957
527157
-918421
748398
-610213
-445222
827350
700911
-71002
-713538
126815
-776426
64132
-91148
-240109
-623215
-824290
607040
363716
-351681
476441
-686041
635914
-548072
664499
-643517
22277
702156
972294
-18933
-626328
-685794
154038
-318364
-700062
287603
383571
-79929
-327381
633997
72164
579530
-70906
-552267
-865641
-397454
-596266
-272090
-182767
-380758
970603
-851028
628620
329989
-621013
-124178
348222
-189549
515543
324195
-566234
839433
740459
-164094
190143
939230
-561441
157813
796074
-619113
726704
-658714
-945741
-298333
-818467
-804600
-169560
-678814
-599662
-447349
-67288
-884863
-228205
-498348
-460879
465500
-168711
-339747
927060
746983
-368506
57214
-619116
562802
535780
-88243
-985767
-160019
877484
430635
995904
-204927
-344700
-870859
666814
-259848
471695
745045
-125919
-651767
-187134
-213004
-887033
-855718
546430
-506683
665480
-120384
-929999
-674608
32446
211541
-811206
-276234
-50523
-347723
381185
-139284
-493586
534600
294701
-778612
306645
-530709
-456619
-601496
11892
268188
150907
-376072
153837
-911797
710650
-204157
850151
-283796
255497
-232739
597296
16687
-51425
-408432
452824
94415
578252
74402
336780
205443
-790196
663976
-39149
553208
-117291
47693
-790186
558837
897661
-719045
711822
-159945
679933
-838323
573435
-566126
-846173
2152
291724
693966
-225362
671792
114460
-369863
248498
-824502
27489
-957897
-683256
-262882
-606113
-296270
662829
-798709
-479695
-208808
-182629
-879924
459488
-539418
-179589
-876714
-936118
557174
-834132
-546707
-33895
-634818
412104
-227734
876221
-8714
711742
324587
-703415
702087
106823
-315737
859062
-833883
670073
22644
707747
574040
-23630
588071
-769138
-582181
-974791
-384888
-345123
-427982
738666
-641546
961937
200041
-645851
796403
968457
161726
-7453
-214161
-479869
758877
-332095
-472852
859939
-872299
-940963
855361
262607
-162034
183582
275019
771432
-724968
943372
124108
260620
647144
-948218
721079
731846
388347
-418718
661242
-599377
504358
795421
-322116
-620300
-859253
773699
-234977
-397233
-249362
828501
443302
-107434
-515496
491952
661585
-6519
-82165
-845903
-410379
422770
377271
126445
-243692
-204484
-98859
538876
-127090
-750133
-750736
774172
745108
553648
-668464
-381572
433189
711370
845551
337008
-340578
638499
-10495
-304644
229334
886705
-11459
731678
445807
-778266
864833
535963
255952
-929841
-580234
-765890
182135
631694
-868472
-740022
109171
-291225
802395
-668350
-148990
964060
884551
303682
156023
-721977
-896127
403361
656079
227524
-831110
-864930
785012
-215407
-463021
296765
-667618
-909559
531102
786989
572659
-942149
-477584
63390
-591097
746154
462146
178199
-505661
-579082
62826
-759049
589244
731798
273060
377061
515733
-107021
-824902
-259073
88867
-277610
629979
303202
-785144
-238793
-800251
-353956
-635538
-952090
-543677
-684504
-38911
-597307
318061
62557
-677981
213326
-284051
663527
-790548
468828
-316257
-929595
-15799
710190
-740659
712549
57173
-686303
-238566
-298924
352674
719487
731872
-398071
462138
98386
-609375
-330130
768604
-672460
-907144
-705052
190516
-449192
-553497
150544
176858
147107
-44332
978693
-680198
-994455
886494
-157122
898761
67480
313895
415147
350467
821829
929876
236993
-886123
64005
77833
-626629
328909
426857
-362135
109800
-263792
36436
-8769
-490326
259946
-591935
368110
386939
926358
-945182
545583
-240749
523410
-834903
-879472
-107515
-480202
-104260
-126095
901507
192354
-947353
-82556
189329
-428728
502125
627148
305517
619264
-93614
717358
276511
-611871
-388189
783403
30456
-930746
490875
611688
147584
-934383
-86548
914133
-706831
71089
405799
466429
-704231
938570
-371251
688637
-104316
-625415
-503730
-547699
755292
-220204
641597
283225
-342821
994203
-802320
-835931
-254565
-375017
390086
-119268
338107
-300960
416051
-208888
155216
526567
-21884
315089
-905833
36650
975788
-58016
914802
-827142
-410934
477368
135826
275007
756604
307578
322108
-370849
-484392
-792392
-649044
889395
-888757
678457
110685
-31846
-274482
-565921
-531745
685870
781598
60473
-105193
776966
-321801
217930
-372431
591090
-257453
-944542
-118879
620763
-598382
234896
268624
-391945
-452099
800360
277576
-646064
-839166
-605360
607492
529571
424374
-160788
566316
751246
-532360
-45819
-202175
-863094
183986
572307
882170
-341636
15121
518104
-813996
-64178
-397619
-533857
-775244
-6920
469807
976598
-410690
980013
-991828
-270368
-996856
-758051
-10698
414547
592426
-848181
101486
-490295
823261
609266
-382853
-396333
459356
-264334
549694
-174517
-277812
-670417
792870
-849934
-972637
360620
499362
107563
-109926
47758
123883
702114
860847
-296868
952141
137824
-467511
-529702
64982
-624451
139139
85140
-388221
-683163
-71124
567079
641690
-47395
-341958
-116370
-56007
-777060
913102
-789899
881723
-15747
454143
291180
-457299
-444532
269287
198531
59181
-616149
-915114
306456
-333759
-930323
400206
-215922
-461142
847514
886861
-506533
601710
272075
667721
942106
-988004
701960
429817
330406
105002
12612
447515
692169
439433
-225739
698137
-16448
-591258
-623152
-68228
-715118
-401083
-470529
659594
-946989
331422
557764
14122
450566
49432
-959536
-613165
-177192
613656
228942
-737866
-963990
-421435
-770158
354266
-389579
-809473
388290
-682267
407741
802351
201192
85570
355424
151604
165723
620190
262912
566565
43212
-623152
-640347
-634340
-543539
454970
-978639
-915540
-55578
895678
624719
978918
-682857
-730122
149324
-341399
-176528
-891829
-731391
-172784
-343857
154938
930979
-91660
-481607
190372
-312144
-566343
-614046
-124937
-900992
312011
203509
345814
-763815
123810
607921
-608290
920644
62064
-300630
102202
-662071
-859502
185306
412630
-509637
62807
395187
543903
-850269
263220
-320343
611184
-121249
703138
902031
804768
418780
-363642
608135
175541
486537
-69415
855718
-400444
509773
467877
-145619
707389
820358
-167837
390314
-358418
167239
165433
346286
-205040
-497772
923763
774411
390476
-350020
538002
249182
398670
897108
341814
-197326
-767185
-849244
-679633
-570189
531446
-490270
-261064
886821
103055
193188
355085
865243
249497
574023
148679
734024
-203955
777380
826412
-552795
-726763
285494
-120607
226487
-83551
-799171
274694
-75615
-506761
610708
962810
570609
-803519
883932
639753
114701
-142319
259123
176519
751650
427256
-805826
-705608
-235462
284497
-151248
-50852
-163054
980634
-993131
692531
152159
-46310
84537
-311906
-295089
-64784
262321
271187
789317
-205022
345654
848517
-750121
870353
-814035
-846243
869313
663889
891284
398054
750826
-887990
655461
53994
-554508
-850855
-519482
668758
-988406
199863
-717630
648053
-283517
-93200
485726
-237959
244908
-63132
731534
228425
452188
-508854
329958
440550
818476
708773
-391118
845623
-957232
11055
-241114
103132
278689
-570332
610145
606961
-938641
-578419
837889
-278642
-159836
-48318
385224
-37286
-490818
-435652
-257621
-935726
-934137
-192617
671842
-966261
714711
-498827
-307066
-638926
-35660
-420487
-742763
648967
-41389
366615
410605
879462
320590
534466
675101
62010
-460682
-974542
-753753
-849222
-277447
-321083
-418700
198811
-959578
-65842
373885
12812
-144631
-148971
-470035
-469565
-320687
981611
291722
-55579
-480871
854716
129757
565136
-77522
14054
-300585
73038
537823
284458
368357
924286
701197
-705005
194436
-238664
-137228
-957591
-211645
-804486
-956238
117107
-382318
134261
634731
711477
-257750
814218
440500
316405
-618220
-566999
17624
912260
-235651
516138
491935
241919
693625
397421
-396459
608094
463985
-688225
230699
-697421
312443
284021
-569926
-269098
259023
509751
-10705
71220
-723680
-990619
-344776
-50245
509620
-137033
604458
264998
197464
275103
733578
-802831
-196276
-596593
-750150
-343194
-780901
-884036
-739936
76051
-786260
-10449
305916
929952
989547
188344
-883222
-75804
-44778
126207
-504045
3890
344480
-673554
-519859
-935554
692670
68869
-724295
829536
776634
183066
-435904
-509731
-367553
-334182
886216
498855
-464978
580747
-809748
-767436
993514
593258
429914
78086
810389
722791
-147064
647342
-345141
588809
870149
360305
878226
690386
480646
-461051
-1865
-713903
-668827
850679
-212539
-240552
-747782
966799
-122037
284068
-706707
207488
-829362
484528
-248733
-677742
576251
128438
-737860
804766
-343826
256799
-129779
34335
-411739
582261
-348642
-434931
-96160
-187357
-891897
943825
140959
-567042
-269933
139875
-715269
-986004
-485623
925842
-620924
23474
48394
-984698
-285378
-325311
-620668
141592
409330
141338
-611019
702436
716188
-511378
543708
130903
45723
-605736
310561
-200146
223018
992994
-585653
845509
-790361
518973
-278112
-945940
829173
-759725
-93890
-309004
-704318
221175
-664342
700654
364968
-877979
402139
448364
299116
-516438
-532601
595252
-663640
990488
-62008
949314
463101
786445
-253478
33019
-667056
-821901
679764
-373762
-441798
-56040
934658
-176993
933891
635773
-199292
-696269
-576266
375632
482124
483001
-109698
-726210
-339583
-305746
-701246
-967879
-210200
464955
875579
421500
-365086
466895
-540119
-677807
497820
-717641
385223
621849
958220
955260
140199
399601
821235
547490
29973
-502840
847171
625069
-506117
-566598
404183
168138
290076
646313
246116
57295
438280
-941840
912805
309830
853820
355776
-123000
-361214
-721348
743381
164695
-899205
944046
-539104
-115721
74851
390548
-747077
-497964
-679446
-687938
-713097
-765584
-149072
106810
-17565
-269749
231235
984622
25974
-75847
-238705
189612
449624
-88221
-616671
-793388
-269770
239349
149723
773724
-299628
577450
120730
-773326
-332566
-561944
890673
-749494
276712
-873253
-168127
-727622
855903
342477
317529
-3262
990133
131779
-345057
414286
-288279
-866201
611719
468754
289982
130806
146908
10241
860732
479845
78030
-647765
-874526
-666939
-76946
195374
-417447
-717643
-301315
701925
957990
725981
-306745
-472257
204547
551051
-727924
496848
259670
179965
-31417
-779927
686262
730081
-844671
510734
862776
-668741
421538
992208
-225095
712236
-918304
199060
656215
-914093
281396
458785
-711989
297880
433950
527472
-125449
63166
-191963
-958544
918536
711430
245232
90867
159683
369360
280615
-750417
986167
6065
810930
-494506
59070
408184
280289
129663
-874604
-169883
-780921
854138
939002
-414706
850001
-263626
221038
-532078
502433
-449150
772608
-499539
401362
661478
721671
-522121
-376541
64284
797712
-55652
690532
720878
100712
898092
832828
708187
115951
225825
-665338
-730199
90780
-768595
-362373
959603
-540508
-512500
-721536
720222
-629581
720882
-518116
170047
-293691
137724
-948503
531312
24131
947681
-346363
43697
-137722
-889858
577381
729323
-882590
339569
319367
669871
519253
-705947
355564
-64605
-172877
-283453
519690
-800868
-358278
842695
575382
-718883
-847584
-661032
-759611
-942288
-350224
517399
-535036
348106
151896
-233476
531174
-448473
-704053
129937
194884
-707393
257544
-496745
-732112
-412049
-474387
-37567
-382548
-601758
-49551
148954
-944060
438295
-444423
-824659
51917
339614
-471567
-365512
214797
-972410
-519908
834754
825829
646705
851700
-396117
54327
711809
897738
406499
-884679
-671774
-723242
-388245
-930317
-988372
324323
606472
299044
-725907
950562
97981
-180183
130335
-679053
451757
-197130
-236658
760407
-709460
25300
815704
-289759
-925180
322606
-816326
-368966
-323620
-691030
397596
-939523
-605259
536170
-389334
257385
-884451
80110
215235
-84656
-28332
202748
-138852
867191
-153452
787140
-289916
-170879
93162
916551
-915999
-594543
-885345
-947671
-540704
329213
704532
191644
-884805
477269
-608117
-19966
-88512
-428234
-439959
646203
-810429
97307
940705
138598
6329
-548759
691771
-474089
-219733
-747672
-727182
-12558
-828883
414753
414220
-360332
-852194
-251766
-971838
969753
937899
374216
-468829
-168144
857071
479773
-962544
44066
373972
-534495
661947
-96415
585731
-339367
299992
105546
305003
809246
-221269
979283
280149
-590296
667588
806967
948254
271112
-690333
165187
22502
-125937
-366701
-340549
916925
829171
-211407
-718376
-358710
697723
909501
912878
-645719
-643079
-870632
-894999
-600534
-696625
-148705
724237
-503535
-283295
836385
56722
971286
-261172
832594
892515
426959
157073
-676385
-73067
-918478
469359
-410375
704182
-147243
293191
996463
-249738
-863622
3517
-567764
466701
818619
871993
-475664
-733686
-337383
560986
201761
-563248
237907
-271248
869799
693775
-865803
640668
-564011
261412
-388268
-901972
-705173
-848724
-500433
222817
84290
-362916
-265059
981943
-5950
127528
939027
-493304
64180
779575
-482088
-996416
578655
156708
-697735
769218
693176
-28870
-844437
-920099
-912763
-539310
-835293
-555578
25749
-89360
-822914
-826317
-955599
808652
-996291
708747
352660
264766
263146
-19940
-324815
-186858
-634914
-413379
-788580
-136614
258759
-330099
-416119
-807953
555142
-961054
192268
-229531
-806423
-295203
7335
339606
-7372
274772
884435
-955662
133876
830016
-276012
313554
260046
87340
702402
923309
357433
-722460
736740
-326140
737786
-829963
-671314
-708996
506687
-113073
224323
955199
-914608
-372239
-103124
-627806
-935118
-101111
-392317
455838
-324546
-587675
-154076
-312128
-979366
-522282
872360
551342
-597827
-866548
159779
306485
-702635
-113508
-617177
261789
-942351
862458
331103
-389292
569906
203365
853550
-654685
490689
-3683
-855486
-782009
-500011
153013
993339
-620170
-398317
990680
207822
-750444
865127
-976711
-479717
-16800
44662
231654
864174
636499
-356188
-711924
998811
-651146
-659470
-692594
-38545
-12510
371500
-426737
-225834
347350
-277060
-155591
41387
-61767
-681006
689525
756385
-657153
578694
-488816
-523603
-428135
202754
-264417
446072
42287
-835820
-605804
677914
-953952
17874
-996386
-989638
-979346
-212519
-848980
442946
-274521
-68744
-696089
711219
345250
-925298
-331737
534600
790694
67014
848745
-103370
-347396
-35505
-831520
-360015
-276327
260381
950303
-209512
917555
-699438
-789643
-686392
782192
716550
-891528
-953516
876399
-220151
180021
-371733
782968
200799
-257057
696769
104425
356170
-831388
-717719
-708080
-563993
-345812
-265598
-202304
-945990
-915254
-760357
-257270
183497
163482
119638
-465613
74588
-26640
-339996
-196241
-170682
908472
-526362
489886
465652
401745
-646834
487083
399471
-984167
985172
236582
120267
488954
499960
877473
-99727
488666
-239003
958000
-162710
666235
-451648
143595
-199680
-862117
-373822
-742817
-611923
176297
135890
-276388
301173
399845
-328454
-643641
777323
-561268
-343007
-514332
-137590
949594
-832490
-784026
-62379
30746
194215
908696
145150
-229055
-749715
627099
359560
297642
-948718
899391
-733379
-480317
-199760
-598906
-909773
-258198
505954
887245
-270554
-170279
-207511
-922167
-864422
724371
302856
38978
-801649
156016
-871062
785638
710593
-690772
525104
-743872
-47501
990084
185892
-80096
-620447
871314
-223141
394236
560803
10770
-168315
-451740
969259
-402096
-216332
813960
570399
-224809
-630638
690790
-794090
354688
363896
43951
-323200
-133272
574886
612175
-230638
-347658
-353583
865275
645565
-663281
-583518
-502563
878522
682798
-209181
-312575
-638830
828396
895603
-265134
-301189
-581130
-31729
180582
64202
277488
885718
-288253
-722328
53403
173666
-982689
669916
-190292
-127466
340807
-153645
49764
-240660
239815
-814377
570579
294141
88712
-688556
-197953
-907448
-283275
-843057
-405433
694432
-672370
550760
194893
219629
-95603
-495239
954707
347749
-549654
-798304
-294529
250070
734249
-4879
-236730
930105
-861709
-930067
342547
991837
-864686
-999691
-667655
-820127
417606
-81171
-272738
-158104
-565630
596205
834636
-46053
-274398
-930698
871974
237236
-480048
745475
98256
-839190
-282055
342213
698618
-291692
-159129
690569
-928812
-213281
-505973
356455
290898
598860
-538938
17093
899237
-161092
-934575
-764621
708676
692778
78309
178855
-471693
-745365
-27832
551215
80181
-596844
430447
895374
-485553
836065
-216503
-541952
721098
-694383
569849
-25589
-881497
119137
754125
237905
-153969
188820
82453
-506863
-408295
-63582
-695106
461112
306577
305485
-676120
-552849
-461651
-314371
946888
729759
992231
754202
117036
288316
637782
-14711
-830233
-206581
720739
-68534
-389649
-688610
-648419
-731073
-729950
392593
975781
-176846
57959
-396438
723596
672797
319765
-989326
-118787
996452
-554013
589106
521060
789720
-475598
-408562
-502365
43239
-786870
364571
173850
-691073
-351433
-480428
-250656
337610
-167790
243126
473581
716566
-782894
791948
577763
-637434
-204991
-111856
540047
125196
-210061
-670989
-750199
-689720
-446413
515122
183213
-406199
604610
424661
382263
259193
200172
709387
459386
-533208
-102517
426496
-89769
65655
856433
-595150
439788
153948
731896
107601
-393984
950541
680753
-673286
-10767
985907
214645
301162
-772887
567929
-305802
-463963
-721756
-957914
-524690
53884
325306
-350007
80894
666244
887127
704890
-909007
-725291
-343289
385638
-269739
-263027
343535
-64387
-863991
-764951
-727610
747791
-163732
-604035
-740866
-201891
-450233
-418221
-512540
37541
-756514
-101067
-215754
323747
-194570
-873344
577889
406061
352737
955941
-833416
143139
-533479
916297
484751
143080
-609304
-502385
680416
-470063
-116285
839245
-510624
184848
-766231
-675927
-49608
-48264
115968
-32866
976636
-695403
353877
171000
-52080
392414
-929285
958573
11193
625018
-308842
789673
-111997
413153
503261
-272430
333370
532507
808413
926512
-707057
-910790
-515018
683164
-766724
-170597
-96709
-391453
-917610
-561452
-798445
789295
523915
229499
-679442
635249
-20399
700315
823130
725923
-970897
-440588
249602
445816
-408171
-223075
-669363
205747
-808251
110024
348484
754287
255639
-680457
183418
-679705
84299
-759335
447609
-343557
-496676
-169241
-721840
46231
-512770
894738
487840
-364383
339358
-625669
-326293
423337
769113
539788
-321845
-137929
430782
-357243
-648565
549591
-829799
-381024
-557064
-468057
616192
242842
609448
381620
-971048
-429408
-25009
965665
-66979
-868343
670772
-98611
-142114
120271
-829832
-897802
965348
-182189
-182205
-477708
360910
344582
960866
-741302
290949
558242
-89426
-385175
452323
-18479
-723969
-940499
-894483
568681
417994
-907004
234873
-550708
65170
117545
-596197
700551
-468039
-576119
85086
140920
564650
-142798
243315
-218382
168155
172830
-413893
147033
824257
113054
-781364
237930
422736
-257401
-29211
344367
679533
-74458
771912
-367834
565100
792201
435938
671772
-519634
-596386
-63305
-373185
293500
-864228
-913486
-788075
-896687
-256951
-563464
771360
179955
953875
124428
-132269
954578
951136
-865652
717636
-683047
-551056
665613
471272
771895
-461908
-912629
911036
-961338
-271784
-849533
-888385
-924688
477729
-346939
795934
207197
-618888
-95955
388045
-159510
-590428
-144226
78513
200110
-360275
-524116
579812
-101696
-304937
930560
52994
-113965
158189
744937
-103377
922872
968739
490386
826761
-317859
-57485
164400
-207423
576302
936469
171567
-171545
587578
-343890
-970549
482965
71254
113588
-573461
964558
-692849
-403592
882796
892795
-819179
-41972
303180
868865
612049
585554
-388378
127902
-655162
-994289
152856
-331003
-901845
124797
-625521
890150
-790353
98740
263582
77701
-578208
918863
508606
164611
376301
-580554
290385
792258
245861
806464
181183
881182
-816141
408025
119027
203524
-628122
735050
36300
-110620
-582701
207240
-279038
866609
768678
413187
164655
-251459
897979
328474
149655
260870
-476399
615777
-68629
512636
-132746
-484120
-350146
998903
-16522
958918
702433
478581
-255613
641297
697443
-110377
-267442
-467545
960895
-243671
-486485
447098
416013
-360010
837534
386002
51626
-273906
352987
-965971
926543
-192298
-682518
271344
314563
309517
-268760
71169
251311
218203
85853
988020
-596204
504191
466578
500538
-532361
543940
-281201
418908
-852547
792230
-213778
276593
212050
371023
-494179
-366424
-596245
719591
-355545
351139
338499
587742
-390960
844299
-27189
758401
125662
-308673
-818519
31082
-725675
-234064
-259180
299835
116811
896289
312053
120395
-687107
603296
175847
581262
803073
228640
-668843
102640
838343
434309
507897
-815863
-452893
-165596
-609589
473265
942060
-11132
422277
-99051
-446094
984972
-950580
-441605
337169
465456
-370831
354265
273183
493485
976794
830209
456582
-140738
731663
-213755
865244
-85373
248206
-268658
870184
-368422
-95877
812285
675219
634566
-359291
760397
918886
295881
-101709
-401791
-55185
290300
-269245
-568801
-411647
-725738
305079
-798494
406736
-16454
344518
-560630
410285
433353
212579
-645107
-267229
-219312
-570312
264340
143729
-213685
519011
-287697
212478
-225678
-78443
289980
183363
147978
725014
899256
128484
-94213
-95645
914514
-368408
-154905
554574
-559349
785263
-486270
-694441
584110
-731780
-870666
-219981
53595
793515
159048
113928
-191573
243177
-183163
482679
-223930
303227
-201558
536649
921446
451816
38568
-111252
825627
650350
89916
237290
-770740
-303430
-522423
859517
316290
934206
-678041
-535827
386853
-949403
734409
885919
-242506
531314
-36950
303018
-652230
-289352
100949
779335
412560
-354494
883353
903314
241001
555025
41676
56048
-823819
-801568
-753275
993295
360441
-135271
-631592
621468
-658792
-304075
35105
725115
266541
687956
505720
-120285
-983000
-1926
647578
-165685
551718
-686856
607493
-96199
545483
830594
610868
529831
-29303
557400
189752
-579175
58059
664223
244873
774193
-259750
-689672
-526712
-209787
-170802
-67021
-780206
880933
-548468
979924
-825908
-724076
273501
-605136
762004
-901333
134182
720217
-301784
113052
-929540
2109
-810874
478095
-757153
701225
501144
942510
-483661
927573
-363978
-97350
-434406
-652710
-680519
-786980
164531
325551
-123121
-345839
-293424
-639925
860969
-870886
66222
-923914
-315053
406438
-718150
-223332
129202
-588618
547274
654007
48885
-30327
-414228
-864287
949384
-901556
888291
317519
-397757
45232
491301
672862
-661479
189865
-976603
-644850
725688
-839820
-916527
417970
-232501
-737089
484364
-46720
-242289
-635295
-998891
-156794
511323
-140906
321970
-916940
-130752
-789121
-591014
975308
709050
-910471
560330
-817416
-196136
-498817
161042
540637
802610
271354
-292562
-714317
-816853
611719
-518328
-191290
-186389
59419
689094
92822
-947205
217861
586506
590059
109288
-97701
-779384
-788627
-660156
494973
-526175
413077
-667723
-965285
-588721
244738
306054
864656
423469
-794887
444277
-843831
-386382
-681942
892707
-321003
-273308
-554986
348217
643571
949945
725341
-328899
572364
668022
110749
600056
-982111
-592046
-390952
-57589
945822
-126603
-844637
-569015
-94043
-670887
-80831
859187
795536
-848392
124173
224822
-963194
726810
648285
-237060
-984666
-563427
-646401
-525079
174456
-941505
-966979
177340
236559
-133769
-787730
141610
17957
-441759
31902
700866
642240
-370628
-165164
-786838
-442124
665027
223757
-543401
-816082
858961
380924
942599
-376038
381969
489789
-790672
-251540
-104530
605184
-865325
275494
705109
-957641
813294
819015
-925999
818941
-323474
-186377
-677351
710344
-367676
538895
-442716
-261708
-804593
593350
19770
528457
-726566
381961
961700
427338
464762
-347338
-34924
-670140
160084
-592047
224887
-518154
-850077
-842628
-996447
-610754
593301
111500
291528
-807376
-820135
227773
-749081
614862
-483473
-401180
-709898
131833
548963
-669577
-805272
-756177
-132386
436649
601026
-105739
-157229
-255998
-733809
-50050
-250150
-151640
657918
275501
-767770
9765
-430900
760545
712954
-937054
-84637
-657961
-709978
-37772
320432
735937
683274
-299143
-652196
936208
950476
423552
-320910
-752747
-983777
-159031
552206
-964559
-646315
-334437
-214069
965328
467861
-121785
-941874
-437208
275124
117597
23233
-601193
979330
453853
-524293
-632586
938879
201065
-76506
-855646
-994238
-425642
75630
68554
410551
382912
714279
-461614
100425
342904
38445
-293698
790970
154126
-414905
341303
548979
-123552
-777851
788480
736114
707579
-78075
-747666
129181
-753888
-672074
-899869
930017
292166
414555
723496
-725595
341390
-927593
-290752
686370
-981254
-905634
-890235
-917324
17115
636013
-321829
-94176
-711179
-979654
432048
179877
-273446
493558
291485
642711
-194508
109516
795904
907168
-495179
829380
438430
848201
-362573
-658132
439481
364583
-753108
-490316
591395
242892
24069
398621
321423
-355783
574904
837462
-440217
847440
395505
366081
-145351
-814383
717563
954456
561117
322657
-482115
-595955
-408916
266912
87238
-827242
-246755
805190
633559
123059
-312030
747460
67895
-535418
-110107
-355716
56671
398172
408233
271942
-897556
195958
253848
702265
-388970
-485535
119645
-14994
94868
898438
564879
-468554
-175885
-726042
802738
-563018
-465898
-203096
-913338
-304297
-933453
22303
-600250
200716
-110145
-441352
609471
475872
641504
-68557
-840700
727254
-761073
-254519
-188983
457998
-195777
-520818
399920
-455147
561337
-176092
407956
804412
-70529
-141026
-869542
851281
910360
284713
-753711
105334
315487
-473276
-118163
636313
-510781
596389
-36966
-546206
-403385
-792761
319533
-445320
874555
-33883
-858620
-947754
-618760
758279
-530479
731521
-815583
-156725
-665624
443216
-979763
-725937
574903
607225
-231892
527084
-202282
-334345
298837
185860
560241
646819
-203442
45063
-527789
379406
-680646
50359
725171
-276594
-971801
-839728
866615
-7813
662826
-289214
-811063
-517297
106506
11481
-672830
-846495
699825
684214
-338030
402175
484976
868679
-841607
609841
-703187
-914949
-468896
-46600
-244562
861439
43561
249022
-843537
208089
188525
-29989
524643
846000
-643613
585805
-178083
-682743
691881
-598931
673754
-459354
210673
219324
-606241
738441
-319213
-736968
25460
-464047
352876
-960011
721751
263474
-895563
-134745
-536372
-279711
911751
-714902
621212
-457698
637657
871525
-357966
704445
117570
-56913
-134393
-464586
377593
507146
943528
821191
529670
277744
-315517
713931
-920861
98711
117443
589453
486568
-10297
-376689
-820549
263113
741623
-485493
-918955
368451
895748
193987
-439969
-88605
-767035
669304
684706
202714
-517094
-276248
905614
27871
950175
247484
-134315
-270549
-960389
-515669
581569
110362
960288
-405762
-465544
774552
62393
633999
-147355
-742519
-412035
-324515
397332
-120325
-621842
585592
-515340
698699
-965130
-515159
256513
326846
-53037
948823
217636
234041
-131797
-871546
92449
88308
101757
543626
-770904
103807
624321
-747879
-828022
912329
-897920
-958974
-522588
144248
328620
546974
-709014
-289673
250171
-927124
697825
-498337
582205
320581
943304
-142551
998407
-951778
-604623
999743
793491
574595
-841637
-910298
-593380
-388076
-506936
-271885
-111325
-445761
-578111
-836357
-527721
85156
-195558
284461
66703
-238355
-999348
796587
-366615
172333
1725
502945
259239
345554
604576
-779968
822478
776392
295483
22791
-115160
655578
-826133
-726688
26258
252655
781649
-733246
-946059
739675
363822
-716646
-471300
-201198
-301753
-376868
-118664
98675
478257
-919954
34316
313561
-3560
94832
188207
-710008
138947
184191
-394106
-837315
925994
-830396
-499356
180005
114358
-99841
75853
-625112
-959946
567675
876720
-257531
-323831
424089
145864
-779593
-224498
573942
-384324
352607
563130
101027
-218440
477636
-548106
904755
-307057
-447396
352925
319067
-921393
-764048
127182
-20830
798894
-243085
477764
-647029
-269445
-589367
798629
-594924
216541
736818
-469417
-657717
-884503
836737
-369071
-842187
-540421
-543273
558315
720081
-702062
-927976
836421
221327
707680
828477
682040
462315
668965
764894
337185
-512775
959137
-133949
-800440
196439
38581
-647356
-992990
560297
-292588
-529117
-600076
90435
-425852
279733
660330
-198975
925727
100758
401868
940291
-453613
324464
329186
-75314
-246225
-312252
807988
-294786
-827215
-568925
982526
-218364
-955813
-384796
-431818
-534610
-599254
572494
-232456
536778
689102
-188209
655447
669149
635600
-470882
690304
398894
102314
674338
-9386
-888786
41019
105429
195119
-482532
543050
-855729
-20546
447799
-318598
-508299
580424
202917
515677
-581794
316160
482681
295541
-172181
-854247
-72626
-944518
3943
273936
-737368
-535220
-904902
-46002
889638
-175338
939953
-886674
-515719
140616
775185
177733
433325
-279522
158846
867523
7541
362744
-740455
-313064
-707742
598650
338093
-168032
-688169
294652
-352585
-668586
774545
-27317
261389
-429584
-506638
563149
13478
-268852
-892575
-948486
-14169
-858793
-413269
-94501
796142
-21767
-224030
455645
-269828
-364497
-114476
-942052
893208
861798
-389999
-568114
-452573
190516
251591
-586718
-83559
996962
-290926
106916
-585251
-685423
-412616
-193617
547140
-770249
746822
-201405
-183699
119102
826809
-78868
257822
650530
-603391
-31613
-126306
442843
708966
598717
524325
599931
840450
-169064
845680
-413395
597046
-338408
340983
-966109
-405043
300813
-260190
602819
406407
-190703
-322705
-547261
-524684
935540
-83920
-455032
942918
33737
-767444
-965236
-456540
-159485
854470
-453780
669324
418431
-443740
-881739
354446
713557
929003
655696
565593
85118
41372
545166
-903066
237582
555842
-213930
-118705
-696295
-14298
974365
83258
-267981
6402
-362940
370657
770899
5812
-945581
228999
-292269
-649624
794558
-791934
627604
146091
501479
-194072
-125936
842642
-574032
-466172
-671200
779341
42659
-337530
946536
698732
531685
895369
887932
773988
-780640
-622844
178362
158037
-596039
-719005
-281387
762010
352622
-221486
-359290
-171841
251298
738123
-864151
730640
-175953
-636241
-284142
775120
434084
96919
933923
-572712
231755
666400
-462886
-665429
775517
686618
-529533
-61365
-105511
279779
337724
367270
681463
632892
705082
222793
20843
-792863
-70354
-496997
-835721
286684
587761
-851113
-831471
-676786
-793950
-660236
-3196
-868306
842399
897108
-739561
-941294
-9372
472610
677523
49266
229630
86006
175824
-110987
-957837
-230173
452320
-799124
778081
632348
626475
-267348
-48879
142605
-145892
-827575
-781543
-820880
822338
-800469
-261665
694031
534088
-258780
695227
367989
692119
-183203
146451
240261
-545447
622913
-519813
650581
-689128
-560151
295582
802006
262298
-348947
-601977
-418739
-253421
-203624
-228566
829439
800879
369943
337528
-929036
319161
-765104
713555
406943
-892957
13492
-387933
-575856
147749
-159240
-173952
-441894
-717919
-92213
-965923
-234245
368933
-619324
-702674
844198
437735
-171867
-306975
-716066
-639308
570577
-59798
-143180
-607152
408731
53697
298577
189636
-502318
683079
-369204
-673225
-467657
786272
167462
-315285
500854
-446092
-845014
496225
32288
-528495
574393
-832691
6334
-262538
-661053
622189
-162081
-450207
825529
-718360
341109
75731
-449617
-915698
-5332
956500
-207397
901382
-299992
-873011
-755640
704718
-679519
136577
791624
-487820
78539
550895
466752
704123
717800
825989
-282299
-528555
992099
920348
-465790
-439084
277792
816210
-780086
700420
-235407
-691319
-153230
138871
149217
-566410
339455
-728259
765949
536956
41021
-552384
607748
-514906
-560458
-671500
847218
304102
357918
-348051
-401801
941367
593993
-486650
-865913
-605577
-68417
-958167
-112297
690932
958279
-958497
282998
890030
713008
370581
-192767
181878
-188116
534448
-664366
-401410
-72576
589543
890069
-542116
-243537
805842
-136661
-407108
-693405
-42332
-189279
358759
70418
242667
116474
704383
-64016
-535010
556655
348956
-884597
168189
-248257
653705
774616
-667969
-439700
-319129
-16989
296839
945354
713026
997399
-361837
-869221
58580
-624942
-847059
-161881
440895
-424581
669849
-49309
-860291
-865892
-590851
946366
497842
566814
193660
-558796
397053
-221876
965083
712415
115249
650937
-713063
-892078
580576
70367
-2261
-645372
199550
-876061
368830
-576123
276284
89744
-46180
977529
-619848
144400
637200
-816552
938191
-407773
180738
-12784
116828
-490930
641765
-600204
-167800
569404
-66516
-63701
-225122
180746
172045
206986
486726
287013
29504
-747927
-451455
873471
-92902
591828
32776
674926
143317
-597796
-555427
-427848
-380674
352847
-148829
541961
-98147
494318
756346
-627281
-809338
539148
-73012
-679612
744381
18822
412604
-8155
-403144
764693
67287
-946309
810569
258401
-466797
-426019
-388878
326869
48381
-12224
-189079
-850258
-354448
159156
-160282
540395
-523687
-556028
-26372
164603
-131173
-437164
-558126
795364
-494490
-743196
-512860
-976350
221388
-940612
-882763
895465
554080
457429
385645
-168269
-662351
-652279
-196918
140267
442911
522107
42216
-348463
-886635
774763
131453
-333947
-582660
-488214
-788806
407876
929058
-632345
634465
-327071
488317
358597
-181813
-490107
-499727
725539
-798456
-145081
-410912
954142
559873
-315429
-843165
-982030
492869
581328
-32077
-873653
-61053
931110
463013
162844
-39849
-868700
-311088
-670573
589101
110162
-675449
-739553
326652
154200
38476
-190178
271553
-134542
365212
83451
766146
-281573
830720
-334862
-969098
398538
-482141
-526085
-400288
-408927
2382
663230
-620793
-866436
341438
-223653
-107706
-421420
600355
-592751
-329262
-369369
-338038
-916913
709151
571823
-904223
653043
-681963
411659
-894780
-359498
-297663
-315108
887770
152097
-568945
488830
-47892
-283070
-987496
735075
519300
443962
861309
94417
-295515
-271700
-153707
-95106
676361
-491670
163454
225068
-616175
-315847
-246008
-506163
147739
-475923
397725
-752569
264322
-403561
360460
126481
654259
-691167
-697001
708341
378633
104795
-839473
-621241
-992309
-872079
-510860
-69723
-471930
213378
951041
382483
-837887
-505935
72627
129394
-172653
391409
814097
-298146
-33156
416179
-358259
58958
972133
214740
-766203
-951007
280045
-285777
261302
276211
-741302
-434684
694401
474074
-254245
-689732
26672
178370
-610047
-506086
280695
272151
-451196
315392
-79736
-75283
670959
-512659
-412191
-550088
-600210
-464465
504233
624848
252634
-273399
635904
184640
-727060
-771869
-247757
-889021
716895
699569
-357014
-120371
-564586
-492327
-412311
814740
967446
205852
347267
509401
360197
358834
33826
-631318
-778491
-462427
81690
-16373
-377797
485594
12487
-917334
-958133
363946
776066
-852283
-933396
-791145
928345
-661532
623031
514568
843440
-500480
-482348
463438
-180803
-983246
198070
-145360
-681716
262485
-912294
-365415
723468
721708
-408666
-260635
-48554
995255
-461526
198613
792445
-264201
820659
-195729
825973
197224
-338274
366659
-482551
-268447
967277
-423678
616729
462265
-864982
-598743
-53616
-372896
-860925
-398062
-462433
-453225
-815648
-767137
-924244
-68100
-678203
-75286
853796
503845
329439
523898
177924
201802
-978249
244157
334720
-239194
566722
226227
-105194
31414
-576114
-635614
-610092
968419
-516341
-981264
349927
-238159
-33127
-338551
-9625
771618
839565
-929238
-375798
874075
175567
870113
-130988
645428
421128
-499234
305987
-864513
63850
-116752
683072
181812
-672919
771086
-423139
-563533
-772012
975820
12645
-65484
256260
305429
672516
-761828
325992
-141297
756101
427169
-429053
-115373
-605071
-158994
789674
-521967
536775
261268
298699
769131
-744506
249814
706857
671609
-267082
504340
-39002
-103224
772538
-575266
863902
-518528
767833
-310522
311087
6718
57164
-858610
447783
750283
314265
787658
464196
-379866
-316568
-212843
111032
-681708
924825
438151
590884
931181
587298
-701318
862487
-990491
-751914
601986
-403908
-561698
-111654
831134
754306
146140
250509
-708995
-994449
-853976
610246
-787213
770104
-202524
-565544
-398591
-568790
573027
265076
-966394
35131
807492
-6202
783687
-570334
382553
13468
916885
714812
305580
371355
-758493
563491
-828243
690197
310866
-886324
123323
-663718
-839069
-62723
870968
-825094
-570485
-936597
885787
-648476
-484234
70293
-899020
902868
-854402
-882179
943115
839310
-818693
-617779
-729448
-112000
9437
-846061
-899311
939195
-763894
301257
-188622
344609
418426
-368364
-674977
-208410
124671
-587628
-497384
-994124
156209
-272419
-405412
-942961
476706
471241
140235
265562
-102994
625552
881718
-41199
-742788
272570
982073
883120
67064
-619127
-282780
-536868
-696507
723961
498889
-315730
-485274
346272
-812333
467293
572192
397640
-64241
-961651
799744
-809602
-927556
519299
-373892
-738383
-205188
434384
561419
768355
-404451
453536
-643693
616633
-570789
114697
-398232
654640
-541403
-276534
101101
213372
-821170
32551
91290
-856846
-903878
-265334
-716909
-460798
-272400
483613
-201130
-15537
-442830
-903067
-748000
-254688
700101
947839
97709
-685211
-446047
-249820
-315825
475944
-423678
928546
-370187
-707393
616125
-339542
275456
-894568
-691522
-609156
162446
-72730
221060
-945839
355849
-416638
413202
411676
-32966
908144
71331
98516
145986
324697
-499758
-394512
358056
859328
-198728
893254
-703130
-31129
69791
-590505
-999037
47716
-804189
-602395
946395
895250
441958
-766265
160743
9369
853855
135100
441731
133292
-453001
-738136
-787609
-606223
13442
-708762
167091
-593583
428319
-63413
-278417
-251439
-680088
-738485
-310921
689039
-456998
-852951
-476129
321689
120118
482017
-451897
-184227
-618340
488486
684344
-257566
850590
-639005
-392728
810111
-420977
-699765
-154616
854159
805944
-498958
587196
-223140
-130832
388455
-994104
-180769
-328977
-369938
-366817
107248
772567
222403
-942736
-459711
459898
-962184
444471
709536
-409462
66191
-844277
957460
676381
14382
-961945
267027
-806466
41518
166604
339931
-497936
389745
619467
858695
379097
-526978
950168
617005
-317673
746074
-334228
-102980
773989
969923
-981923
-544016
-80753
-649234
173406
-268583
-553701
-316103
-450252
975654
623338
-524102
267706
-19590
-450576
-722833
900964
-13880
-631386
-18010
-782028
-132443
-132942
-503278
579002
227820
273414
905544
-242233
-715762
-936627
78308
124346
58106
-520545
-803934
-748313
-901997
359003
556567
-23850
-262699
-390481
-998116
176775
76774
-633143
-542987
680138
634008
410819
-76812
-888887
266700
497537
-62330
-83501
-975798
998719
447510
-522512
870213
195334
-778188
811586
129547
993063
-187529
-662184
263557
-496608
-622542
217042
422764
995037
397774
774917
-668257
190407
266712
-399945
-944062
-80557
493590
866278
-345536
-228530
-660239
-477107
-322941
-858696
563761
936828
-138630
483801
806528
-770120
713204
-825000
497489
-807528
-415921
-167626
-974600
-380862
-678620
-505480
-834286
222184
-65700
-406753
-894918
-318859
-16658
181899
173544
-950131
946600
448688
-622363
928107
-354284
656891
748821
197009
-482058
-598997
-827005
-305271
-135261
-71592
-234241
-314770
-330622
-672952
-847338
-796926
-528877
698834
100449
-193680
-411290
-578183
-159704
32552
-587870
-8954
131430
-545400
616651
863191
-969259
132257
345695
-826589
124980
808482
-279336
-268688
-260788
673923
-68331
-974716
-679355
251744
231422
129511
88436
-553637
333816
90679
-749681
-445064
-280596
-439241
-604537
561880
945106
-741649
-445972
-417017
771389
29475
-301204
-482760
838355
-765886
-413093
-60787
838342
382807
664940
-316849
-570584
49867
404784
-721959
-306228
-8676
196779
-453730
-700706
256293
-893713
-480837
-697964
-177919
-190304
-564170
924466
604675
-328697
1166
-882979
-240885
-676829
-183093
-397746
-27928
673345
526943
897754
-251068
-489118
669590
230787
-264176
-312153
353469
11929
383445
-283665
-117763
414662
-605362
611782
-559618
-634444
519827
701827
-167077
538161
-623926
842258
-287468
-43239
-529783
-449837
678162
449928
363201
935023
446236
650023
-125282
-381909
-405499
809749
104136
-961696
211360
665285
-215915
602853
430502
514187
-948388
353822
741896
-323118
-484450
-326164
-206815
477729
605770
260339
-765721
-339830
118315
-506251
862241
734974
585265
106124
-513877
-210093
-683019
-459444
-349381
787319
-95483
-866835
-231957
-599751
490592
919002
519195
298255
-111781
-372821
429116
578600
-820987
-220370
585245
-724373
-179815
-127802
805859
680224
692129
-130032
361607
-562612
-855533
-351557
-281236
-589765
270268
361144
-564487
-139391
268216
673848
-709776
-953471
14773
932028
607861
873734
-703331
-645342
-175021
888098
-721881
598298
242609
25237
631245
887504
-669792
-67073
627035
201351
-77581
512696
355126
-52219
-576530
279987
533541
-49503
-361476
125497
-812491
-129364
-783996
-247623
477521
554477
496805
-926198
-728206
323768
-233027
-147948
22643
97059
-836468
-796319
-526522
800403
874204
689440
323501
318977
836660
-602995
255964
-541868
-665648
844616
-211843
-528778
-117803
-836707
-913930
196020
-709833
941843
766937
865088
-14307
214907
174604
526176
-357898
818550
-396423
873036
-310109
64011
-364156
-682934
975409
-365401
-409832
221559
849557
595223
-475310
-952507
55758
269890
106081
909918
849752
974254
-475405
128682
-387899
801659
-838611
724687
-185489
-728603
629688
316646
-427659
868031
925167
252105
370282
474153
988727
701183
-457738
-480880
406034
-856269
466156
-82988
-594410
929028
-738763
-802476
312659
217696
-179556
-216886
260230
-839523
486007
314561
-590704
493724
-592306
-748948
716520
598415
-546566
970788
113305
949818
-712463
966505
-965215
811212
700407
-911268
678339
-58570
-41527
-891893
888700
383342
776888
-537638
780810
-757839
431434
727066
-96999
-199699
-202565
-452274
146217
-658946
719491
139960
-413750
588701
837497
-123981
-882871
195935
-817810
-976529
849919
-328738
161171
-474798
852112
-176503
807776
-83753
665186
-144397
253207
-156958
-786419
-51359
182069
284520
451777
-458710
962334
-785167
-555418
872123
693993
-434863
22165
886246
797538
760579
-438675
-251087
-778888
-357472
271793
-694782
393126
-449084
987406
488226
487637
917241
72468
13295
744465
653632
751170
-467109
730074
-145223
156939
351359
972526
446671
644623
-816685
-105880
-224926
445768
243879
-404194
-759003
615625
-794118
-23893
805354
350686
360263
-696041
840492
-400315
470380
606633
-216533
48446
27384
51598
-688072
-327774
-240448
444601
588007
296537
975282
-61421
189069
-289952
-969569
3680
644447
-715886
-939688
65575
-137557
-953699
-676769
-587791
679795
-390775
653029
308652
771970
-915960
515756
872192
-530512
-206359
697808
-325902
-126024
77749
-837817
34638
-537162
-977032
-493266
-136945
-73127
509745
258769
646427
891570
956706
-143603
777805
-113903
49175
-193581
427209
329743
252020
-696834
237574
-69052
225195
-711431
-130408
-944338
496682
-356755
261327
-674098
76413
-232519
-565527
86704
219298
962696
775425
596210
765678
446020
-603454
732622
95295
-17048
598393
602149
674886
-415648
-909244
347682
-200387
-490487
352668
88802
628319
102817
298463
866904
-192195
-161716
322274
-127148
321679
593825
558595
483099
-127106
-174023
-492489
-866509
-375320
-988142
-515624
826944
-759408
-752229
343693
787696
72583
742494
-405577
482726
317240
740486
-309265
761437
-952148
-123033
-371714
860572
427405
410738
-454484
757235
-974733
-252267
349714
381054
-19841
-684357
47807
859104
595753
-568624
652849
-352081
-457011
-437985
848352
-300630
496487
658457
356825
109166
-476220
692617
848309
111112
-159085
204069
-785499
42393
938596
-806207
-539391
-885099
-366026
759943
896248
-793805
377770
328938
668503
-108675
191124
-337638
660641
-246630
-887739
908472
313040
-885226
-764260
-355127
-394272
656935
937457
-835288
213163
-468328
965735
-899995
-828955
267845
-950664
803623
-656488
-481441
29788
621131
-466724
-154856
585075
146440
911668
-676157
-39369
-884531
878315
-386194
769639
134127
847806
-642280
-132320
-420933
-380567
-782330
9255
-55405
-441364
648521
-503065
-54151
-295238
390275
456093
2898
146619
-125168
110600
-354859
-767077
400494
-714245
239827
540884
975706
699276
-995326
-174935
-501923
716793
775225
-671731
-98069
164578
60232
-883003
-274644
518194
-516259
-475945
755473
86636
-383179
456895
339301
313365
-809842
-999337
-415230
33992
400066
824210
-249633
-224763
638318
-944389
522723
-171573
545730
-79135
-4204
79399
-409501
884100
-169966
75947
517852
430521
82626
-386204
648332
-711387
486466
205754
241041
897448
105022
206592
-983815
951991
779989
312454
-343095
-606367
-806998
47419
-184199
469950
768510
768393
347761
607737
-206597
720661
816981
-564337
690261
-231074
770484
-86867
-92601
-79024
-846015
-410821
827768
-443800
306283
515311
522419
401555
-42257
343818
418137
-949280
-982566
-242209
-679772
-933999
-696883
849401
-287022
-539312
362593
990309
-3743
702887
-363271
469539
551711
-295535
-88648
-387245
989177
-713316
438305
-78714
19478
-423652
-524058
969816
-852681
687278
814224
-238738
857732
542293
625948
513402
605810
-426362
-265954
-685858
-12283
659855
71977
232770
136728
425138
-159564
-293342
-104407
43214
-862600
-546666
547557
533286
968571
489241
-366110
442537
-406111
-228678
172086
453691
-917374
-901800
-75167
-400590
836910
-416103
-7256
265098
-202582
-417771
-673918
-571272
-127601
-421218
314808
431864
448910
859608
-402526
-753340
691510
-54975
835075
368841
254527
-771529
631546
-117978
155312
972474
-53290
-414674
394971
415762
-613338
-23018
-466982
-258254
-185851
877316
-31261
317870
-227972
409706
-473698
362970
-807071
326983
-175321
738460
251422
555281
657501
25380
-875625
694081
-794817
-680428
612551
518637
-403426
261516
725976
883588
352538
256859
-597605
-418944
-693054
-138427
510727
787217
478252
-111889
343212
420980
837443
-68117
813894
786585
37070
-244964
891267
-878334
-455443
-436440
-140429
291400
-194841
630482
-167058
-441559
-362082
-662858
540774
-831612
-563957
-546845
700469
-330042
610617
-346682
-448699
-442514
909238
254778
-60223
-584162
527136
296476
235518
-369904
-122827
-642642
-164762
465601
-87199
-625105
42519
676668
393313
485854
-941827
931626
-719224
-17987
-310979
-268347
411899
-845457
-85269
752410
825181
-39052
-953434
553586
-832976
761329
275713
-692703
-152618
-195425
-433914
870126
350535
936684
373441
932084
647219
273291
-190103
-879602
944935
-322841
-134026
991252
726746
88020
961339
-129638
-533868
207223
785232
354409
337907
-837627
810828
-134968
-418621
7851
152636
778674
452721
987569
232394
335435
-479683
633630
-211984
239940
-182795
731155
-954947
-469502
-166344
-72060
528181
571095
-297
975493
-968169
-733310
271100
286618
-34070
431637
94217
-489503
507086
532502
-211490
119795
145197
35459
911217
315032
908327
339663
47268
-949352
-131119
439892
357127
414764
210537
-431738
509109
515029
724438
-971036
-377282
631305
-547708
380800
-453036
-220724
-403326
876096
-936110
542366
-734976
-961322
-534287
843141
806970
8049
-444635
-522311
-413834
-439151
-500484
452536
-472627
-950985
-342164
-456275
-189201
371603
-349591
-433078
-911787
-864218
281862
-274204
330507
-30905
-865087
-611720
-757488
-638446
-969571
-332986
-525450
-886633
238114
-688267
-216885
133822
-960832
810392
916866
-335147
689826
-770182
7189
-829798
-777902
712931
-863834
974263
-496123
-354919
778065
36089
767459
546340
-137000
289918
738628
998729
698854
-303042
-10511
-225084
153434
-625385
-510127
-173589
821251
-702315
652092
-384761
852169
-158060
-896036
698494
432989
-37029
79232
125984
101066
55496
-651306
985111
-326797
-959696
-387936
557531
-806803
-268371
-810296
382638
-408649
767953
441435
-184017
243931
173367
500823
650005
-854134
-751469
951934
663979
-307394
996198
-617027
-554417
955322
640792
-896355
238444
-19630
-533112
46298
-78280
433978
24808
-338648
636020
157661
882621
169618
649034
-821685
724923
832932
862433
553869
-804316
532456
582850
-331816
237812
27886
85593
-394505
-190808
-774181
556797
-781122
194988
346394
-619935
173816
-393076
-890205
-833350
998932
-981471
515735
776373
-325512
-808108
-779023
450425
384247
986116
898396
587008
-367879
-762755
-997647
810136
929556
302338
887911
-450678
-1536
499198
-869973
138859
4396
-672887
-501256
-841220
737327
94930
-944633
407497
704894
-188226
402096
609322
-685580
-772064
862427
539990
-155756
-653695
-127588
298430
763676
582268
-223623
-351518
-691838
-737902
653347
-852020
318345
-494492
333500
-162849
802568
-241844
831220
813343
-686266
-852009
630101
-959081
973542
-45688
879374
-919184
-896123
-175257
-971771
-558379
223888
912713
-333760
-343804
-714852
-965288
-527024
-803456
-670445
474708
-328436
822926
213835
-419003
-836163
775094
814741
-395510
987351
111638
-357382
-857994
-845892
-856386
-820047
-600074
439911
-575949
-713694
-374783
-7548
321454
379166
421551
-545247
940696
172771
614697
-441126
-284521
-34340
567229
-3727
470943
621041
-243306
-994529
-681343
137122
-375129
116489
666559
775290
54756
120178
-556982
-686070
-893335
-731349
409768
735299
527732
-158246
736102
831642
-747683
61526
-960847
130555
588895
-612440
-930488
-809817
925067
132437
757823
577127
-541417
547665
641162
-197082
986933
123719
397947
-649277
729667
590352
754948
116444
-563752
-827191
-489299
-804655
-39870
873781
-280573
397171
-659292
-503560
-986836
117643
-663913
-473773
-750692
517187
481252
-566314
700015
-641056
-854273
400215
980484
-938380
91417
880491
33532
773081
827956
165919
912425
772142
341280
-579710
370044
929880
-166554
-686178
-12692
791388
862783
40612
-64340
638561
614456
-457587
-197920
-301849
45429
-350263
-73448
740811
-992811
-758868
162127
-817419
-40356
-641618
71244
-475875
-928953
-49724
-52135
585503
-744089
784458
-131311
-605667
-625312
-333754
214373
-105288
505361
-343740
920322
915925
476347
677370
-346432
12166
479255
160770
-98231
627890
-208044
898059
888231
522160
-644826
263478
52690
-168435
382926
955682
-347849
284891
765688
868153
565184
483038
628545
-117461
-189485
159377
-654055
-161228
-62575
997378
309974
-61764
309402
-446459
656684
859384
90976
271331
671395
-126
257723
606203
-802369
-576931
896652
-238868
828927
855654
-749119
420722
-533240
-53612
859351
983961
641383
-69369
-457700
131276
975183
891728
-832862
-832954
-571149
393429
290658
758081
464344
-653647
70698
154642
602908
-7135
911132
545578
-480493
-873036
288772
169487
-964328
255805
-781288
-244485
-853430
-25099
-12029
286831
-49084
906942
699295
-395959
976078
-95381
115008
-291289
-957711
-200622
-306047
421542
726894
-964204
-535864
528886
764013
130202
576759
183141
849813
-549653
733310
-980326
608020
-273664
941689
-777774
-846702
-254781
-481316
-154099
576492
-392596
-71631
-775500
-56198
-847047
843911
680422
-703452
492320
-884557
-658122
619551
891442
307110
602995
-446157
-681374
-825132
-20648
-761207
-645429
-848504
-590204
-179979
-900819
987676
350549
-876947
-793283
933554
161178
-418021
-476768
527570
930542
173267
-268149
-54496
354477
-849209
487882
-27583
-964634
-650797
-290131
395267
311750
311750
984206
-239147
-56608
310890
549949
-759308
345054
820713
87304
-379042
-347284
-102644
219294
786481
383951
-514419
-779230
-489630
216774
-354792
324653
-635612
-64630
309453
69074
-133815
75163
594213
-884171
926239
678053
398830
780826
-743018
-377348
305639
-448722
-899777
-180598
-913398
725456
-663267
-294966
-860405
-244775
-159561
-744137
911221
-590647
-851143
75612
252286
-235069
89144
-693177
-550338
-744277
-1022
73903
-605436
895042
737687
-719755
-24454
-834309
-752989
-276592
-769798
279872
579634
971313
445637
-94372
-76647
-380048
379193
559622
791457
-875400
-817648
918874
-894950
-116098
52512
-361806
136137
475049
705881
492951
-728345
743520
819107
175040
890061
824673
14591
673402
405904
650896
-545123
423231
105710
-892293
368236
74021
540413
-343722
-242618
-129881
-72227
-213184
468211
431848
416761
708512
897518
-320403
653482
716167
-608532
208068
-300195
-2571
-452346
408935
-202670
46678
529660
-518370
-156179
535562
-22574
-336651
19071
336289
-676379
318582
-740270
-176643
-446882
90443
147636
-953370
620091
149540
758131
-874948
862705
314413
-954497
439657
-914459
-566298
524010
-559739
235697
699347
-889815
-318851
965412
114639
669645
-462140
-218522
933017
-546366
547930
-649114
699177
-955165
726202
375467
-889378
539188
-696754
-183900
-128355
-8808
-618373
-640374
-517722
-438515
920606
95248
-15523
-795452
-220555
135874
-567993
715397
314013
199109
591613
-129721
665260
-630950
755777
119035
605834
-309783
-965245
-139310
795006
324422
826453
-111433
-625638
247375
921739
409711
-812196
116484
-305839
50460
-791652
-762806
-89063
717390
113751
298296
-808284
113395
199561
998707
43744
-284249
136090
-900900
891958
-737124
-171884
866178
-420876
-462499
900276
-634627
-377187
67599
805983
610210
-535749
-951770
290796
-196973
-148503
374967
11986
-117870
97027
-971192
712362
-863124
431361
-731392
-969073
-91842
-181325
650127
562417
-80451
-683985
424453
-624208
-289208
-594141
939587
-214041
-856734
-133518
-817846
-147457
-962660
606274
-19201
-245668
335245
-460558
113292
-73935
519165
-319988
-456126
408448
-454298
131521
932794
-736939
-211090
534583
450206
-461648
-633225
624175
234895
-586002
-507953
225202
-489869
713988
123919
-236898
-43672
1899
-307927
693279
-8798
-808650
-800559
-476770
-927918
-635132
-302594
985812
434859
-963088
-49174
-888395
-222128
493703
-127715
179839
-358182
-118721
763657
625213
-580894
-826158
-255647
237643
-693328
346288
548552
62687
936432
-351675
-772578
411989
450466
896601
124299
-747556
938672
973276
-782604
-184637
305648
-952651
-697017
-338987
249493
817005
-737740
769596
616037
855905
-121604
301074
783025
706540
929236
668276
-64720
-150985
486496
640670
-299077
134721
59471
936875
31528
-762099
-305563
146789
-506707
-205233
713671
485323
-939708
-854029
283035
-651665
598157
-197429
-200067
90972
-841438
-839010
312830
572608
206921
14779
508028
346207
-587985
-618169
-315543
746099
685613
-636723
847937
-767696
-355098
-862540
963432
207087
581583
707844
54608
125276
99469
-400875
998740
-386243
466978
887269
300573
-613000
-612890
-205649
415823
278003
519002
-892389
710717
-417716
-33325
50959
-176624
-854493
208882
-908600
-608797
-570701
-731060
-905009
728737
780977
-533103
37303
958856
-847120
-974268
803977
-698015
342600
-613756
-928894
-748038
-246989
292856
-478232
251131
-560482
-435827
-967297
-544173
689349
-539606
-866666
380372
-379669
34143
-636473
-381082
-46105
-781981
99820
-463045
-713142
877741
-568914
368971
-840487
969584
632897
-420914
-846364
-821886
66745
-257999
87582
-665468
-250848
-417264
560519
-191886
